2.002608645206999938e-01
2.310702282931000051e-01
2.926889558379000000e-01
2.772842739517000221e-01
4.005217290413000120e-01
1.848561826344999881e-01
3.234983196103000114e-01
2.310702282931000051e-01
1.386421369757999955e-01
1.848561826344999881e-01
1.540468188621000045e-01
9.242809131720000626e-02
2.618795920654999887e-01
1.078327732033999981e-01
1.078327732033999981e-01
7.702340943100000059e-02
9.242809131720000626e-02
7.702340943100000059e-02
9.242809131720000626e-02
1.078327732033999981e-01
1.078327732033999981e-01
1.232374550896000037e-01
1.078327732033999981e-01
7.702340943100000059e-02
7.702340943100000059e-02
6.161872754480000186e-02
7.702340943100000059e-02
9.242809131720000626e-02
1.078327732033999981e-01
7.702340943100000059e-02
6.161872754480000186e-02
7.702340943100000059e-02
6.161872754480000186e-02
6.161872754480000186e-02
6.161872754480000186e-02
6.161872754480000186e-02
6.161872754480000186e-02
6.161872754480000186e-02
6.161872754480000186e-02
7.702340943100000059e-02
6.161872754480000186e-02
6.161872754480000186e-02
6.161872754480000186e-02
9.242809131720000626e-02
7.702340943100000059e-02
6.161872754480000186e-02
6.161872754480000186e-02
6.161872754480000186e-02
6.161872754480000186e-02
6.161872754480000186e-02
