0.1537892896218
0.1922366120272
0.0961183060136
0.2114602732299
0.1922366120272
0.1730129508245
0.0961183060136
0.1153419672163
0.1153419672163
0.1153419672163
0.0961183060136
0.0768946448109
0.2499075956354
0.1537892896218
0.134565628419
0.0768946448109
0.0961183060136
0.1153419672163
0.1730129508245
0.134565628419
0.134565628419
0.2114602732299
0.134565628419
0.0576709836082
0.1730129508245
0.1922366120272
0.0961183060136
0.0961183060136
0.1153419672163
0.1922366120272
0.0961183060136
0.0576709836082
0.0768946448109
0.2114602732299
0.1730129508245
0.1730129508245
0.0768946448109
0.134565628419
0.1922366120272
0.0961183060136
0.1537892896218
0.1537892896218
0.1153419672163
0.134565628419
0.1730129508245
0.0961183060136
0.0961183060136
0.0768946448109
0.134565628419
0.0961183060136